1111111011001010011011011110101111111
1000001011100000111101000100101000001
1011101000011111101011001001101011101
1011101001011111101011000100101011101
1011101000110010110010110000001011101
1000001001000111000111100100101000001
1111111010101010101010101010101111111
0000000000011111111100111011100000000
0100001110100101101110101100010000011
0001100111110001001010011101000110100
1110101101001001110011100111101001111
0101100011100110101000000010101100010
0111111110110110111010010000001000011
1100100010001010011111110101110000100
1000101100011000100100100111010001011
1011000001010100111101100010100011100
1000011111000100111101101111111010110
1010110000010010000000000101100001000
0111011100100110011100101001011010101
0111000010000001001010110010101101010
0110001000011111101010111110001111111
1100100101101001010111110011100111110
0000101001110010000110100001011000001
1001010010001011111010000011011100010
1010101010001111010100010010101000011
0010010011011110010010010001100100000
0100001011011101011000001101101101011
0101010010100101001010000000110100111
0110001000101111010010000111111111111
0000000011010101110110010001100011000
1111111010001100011011110100101011111
1000001000000001110010110011100011011
1011101000110100100101011111111110111
1011101000010110001001001111001100110
1011101001010111001100100100110000101
1000001011111011000110110000101101001
1111111000011101111000001000100011001
